59589344
23891322
21450492
47266998
57451880
2665802
53437771
58253939
5565355
40540843
54620051
4615759
8618035
39102721
24055307
35717
55576706
37039816
35961853
2209064
31465914
1789881
1516735
16620663
58014598
60274375
13629161
46800682
61380785
11074925
31495445
56909009
36469307
2820838
30777322
5508409
13520595
1465989
43828558
2330782
13905502
49415435
49369610
13949953
58526242
16453003
41380508
61580772
28996766
54339556
2057554
3177850
27264983
30895576
204762
30749713
56502324
11143682
42837442
1592139
44605411
33880666
21130185
12072231
27436677
43489835
41792591
47507845
491172
3378100
53125283
16044157
22217604
8597254
59011970
52485111
41093257
8437834
19318844
26023784
29078135
8722523
10833452
48680887
24305590
44541022
60730386
26736141
18690417
45346638
26358052
19983315
15526356
42133086
43188672
4656613
17543256
25229536
1931630
33675625